raidEvents	: .1.3.6.1.4.1.15497.1.1.1.17.0	: leaf
raidStatus	: .1.3.6.1.4.1.15497.1.1.1.18.1.2	: branch
raidID		: .1.3.6.1.4.1.15497.1.1.1.18.1.3	: branch
raidLastError	: .1.3.6.1.4.1.15497.1.1.1.18.1.4.1	: branch
