modelName	: .1.3.6.1.4.1.14823.2.2.1.1.1.2.0	: leaf

controlCpu	: .1.3.6.1.4.1.14823.2.2.1.1.1.9.1.3.1	: leaf
networkCpuFast	: .1.3.6.1.4.1.14823.2.2.1.1.1.9.1.3.2	: leaf
networkCpuSlow	: .1.3.6.1.4.1.14823.2.2.1.1.1.9.1.3.3	: leaf

memTotal	: .1.3.6.1.4.1.14823.2.2.1.1.1.11.1.2.1 : leaf
memUsed		: .1.3.6.1.4.1.14823.2.2.1.1.1.11.1.3.1 : leaf
memFree		: .1.3.6.1.4.1.14823.2.2.1.1.1.11.1.4.1 : leaf
