sysDescr                : 1.3.6.1.2.1.1.1.0                     : leaf
hrSystemUptime          : 1.3.6.1.2.1.25.1.1.0                  : leaf
hrProcessor             : 1.3.6.1.2.1.25.3.3                    : branch
bmcMajorVesion          : 1.3.6.1.4.1.21317.1.5.1.0             : leaf
bmcMinorVesion          : 1.3.6.1.4.1.21317.1.5.2.0             : leaf
bmcBuildDate            : 1.3.6.1.4.1.21317.1.5.3.0             : leaf
biosVesion              : 1.3.6.1.4.1.21317.1.5.4.0             : leaf
biosBuildDate           : 1.3.6.1.4.1.21317.1.5.5.0             : leaf
hostName                : 1.3.6.1.4.1.21317.1.5.6.0             : leaf
bmcBuildVesion          : 1.3.6.1.4.1.21317.1.5.7.0             : leaf
ipAddrTable             : 1.3.6.1.2.1.4.20                      : branch
cpuTable                : 1.3.6.1.4.1.21317.1.6.2               : branch
