buff_block_name          : .1.3.6.1.4.1.9.9.147.1.2.2.1.1.3	        : branch
buff_block_value         : .1.3.6.1.4.1.9.9.147.1.2.2.1.1.4	        : branch

buff_block_0             : .1.3.6.1.4.1.9.9.147.1.2.2.1.1.3.0.8     :leaf
buff_block_0v            : .1.3.6.1.4.1.9.9.147.1.2.2.1.1.4.0.8     :leaf
buff_block_0m            : .1.3.6.1.4.1.9.9.147.1.2.2.1.1.4.0.3     :leaf
buff_block_4	         : .1.3.6.1.4.1.9.9.147.1.2.2.1.1.3.4.8     :leaf
buff_block_4v            : .1.3.6.1.4.1.9.9.147.1.2.2.1.1.4.4.8     :leaf
buff_block_4m            : .1.3.6.1.4.1.9.9.147.1.2.2.1.1.4.4.3     :leaf
buff_block_80            : .1.3.6.1.4.1.9.9.147.1.2.2.1.1.3.80.8    :leaf
buff_block_80v           : .1.3.6.1.4.1.9.9.147.1.2.2.1.1.4.80.8    :leaf
buff_block_80m           : .1.3.6.1.4.1.9.9.147.1.2.2.1.1.4.80.3    :leaf
buff_block_256           : .1.3.6.1.4.1.9.9.147.1.2.2.1.1.3.256.8   :leaf
buff_block_256v          : .1.3.6.1.4.1.9.9.147.1.2.2.1.1.4.256.8   :leaf
buff_block_256m          : .1.3.6.1.4.1.9.9.147.1.2.2.1.1.4.256.3   :leaf
buff_block_1550          : .1.3.6.1.4.1.9.9.147.1.2.2.1.1.3.1550.8  :leaf
buff_block_1550v         : .1.3.6.1.4.1.9.9.147.1.2.2.1.1.4.1550.8  :leaf
buff_block_1550m         : .1.3.6.1.4.1.9.9.147.1.2.2.1.1.4.1550.3  :leaf
buff_block_2048          : .1.3.6.1.4.1.9.9.147.1.2.2.1.1.3.2048.8  :leaf
buff_block_2048v         : .1.3.6.1.4.1.9.9.147.1.2.2.1.1.4.2048.8  :leaf
buff_block_2048m         : .1.3.6.1.4.1.9.9.147.1.2.2.1.1.4.2048.3  :leaf
buff_block_2560          : .1.3.6.1.4.1.9.9.147.1.2.2.1.1.3.2560.8  :leaf
buff_block_2560v         : .1.3.6.1.4.1.9.9.147.1.2.2.1.1.4.2560.8  :leaf
buff_block_2560m         : .1.3.6.1.4.1.9.9.147.1.2.2.1.1.4.2560.3  :leaf
buff_block_4096          : .1.3.6.1.4.1.9.9.147.1.2.2.1.1.3.4096.8  :leaf
buff_block_4096v         : .1.3.6.1.4.1.9.9.147.1.2.2.1.1.4.4096.8  :leaf
buff_block_4096m         : .1.3.6.1.4.1.9.9.147.1.2.2.1.1.4.4096.3  :leaf
buff_block_8192          : .1.3.6.1.4.1.9.9.147.1.2.2.1.1.3.8192.8  :leaf
buff_block_8192v         : .1.3.6.1.4.1.9.9.147.1.2.2.1.1.4.8192.8  :leaf
buff_block_8192m         : .1.3.6.1.4.1.9.9.147.1.2.2.1.1.4.8192.3  :leaf
buff_block_16384         : .1.3.6.1.4.1.9.9.147.1.2.2.1.1.3.16384.8 :leaf
buff_block_16384v        : .1.3.6.1.4.1.9.9.147.1.2.2.1.1.4.16384.8 :leaf
buff_block_16384m        : .1.3.6.1.4.1.9.9.147.1.2.2.1.1.4.16384.3 :leaf
buff_block_65536         : .1.3.6.1.4.1.9.9.147.1.2.2.1.1.3.65536.8 :leaf
buff_block_65536v        : .1.3.6.1.4.1.9.9.147.1.2.2.1.1.4.65536.8 :leaf
buff_block_65536m        : .1.3.6.1.4.1.9.9.147.1.2.2.1.1.4.65536.3 :leaf


