systemStateCoolingUnitStatusRedundancy : 1.3.6.1.4.1.674.10892.5.4.200.10.1.18.1 : leaf
systemStateCoolingDeviceStatusCombined : 1.3.6.1.4.1.674.10892.5.4.200.10.1.21.1 : leaf

coolingDevicechassisIndex:      1.3.6.1.4.1.674.10892.5.4.700.12.1.1      : branch
coolingDeviceIndex:     1.3.6.1.4.1.674.10892.5.4.700.12.1.2      : branch
coolingDeviceStatus:    1.3.6.1.4.1.674.10892.5.4.700.12.1.5      : branch
coolingDeviceReading:   1.3.6.1.4.1.674.10892.5.4.700.12.1.6      : branch
coolingDeviceType:      1.3.6.1.4.1.674.10892.5.4.700.12.1.7      : branch
coolingDeviceLocationName:      1.3.6.1.4.1.674.10892.5.4.700.12.1.8      : branch
coolingDeviceUpperCriticalThreshold:    1.3.6.1.4.1.674.10892.5.4.700.12.1.10     : branch
coolingDeviceUpperNonCriticalThreshold: 1.3.6.1.4.1.674.10892.5.4.700.12.1.11     : branch
coolingDeviceLowerNonCriticalThreshold: 1.3.6.1.4.1.674.10892.5.4.700.12.1.12     : branch
coolingDeviceLowerCriticalThreshold:    1.3.6.1.4.1.674.10892.5.4.700.12.1.13     : branch
