sysDescr                        : .1.3.6.1.2.1.1.1.0                            : leaf
hwSysRebootReason               : .1.3.6.1.4.1.2011.5.25.19.1.14.2.1.2.1        : leaf
sysUpTime                       : .1.3.6.1.2.1.1.3.0                            : leaf
hwEntityCpuUsage                : .1.3.6.1.4.1.2011.5.25.31.1.1.1.1.5.67108873  : leaf
hwEntityCpuUsageThreshold       : .1.3.6.1.4.1.2011.5.25.31.1.1.1.1.6.67108873  : leaf

