nameFront	: .1.3.6.1.2.1.47.1.1.1.1.2.38486	: leaf
nameBack	: .1.3.6.1.2.1.47.1.1.1.1.2.38487	: leaf
nameCPU	: .1.3.6.1.2.1.47.1.1.1.1.2.38488	: leaf
nameHeavenly	: .1.3.6.1.2.1.47.1.1.1.1.2.38489	: leaf

tempFront	: .1.3.6.1.4.1.9.9.91.1.1.1.1.4.38486	: leaf
tempBack	: .1.3.6.1.4.1.9.9.91.1.1.1.1.4.38487	: leaf
tempCPU	: .1.3.6.1.4.1.9.9.91.1.1.1.1.4.38488	: leaf
tempHeavenly	: .1.3.6.1.4.1.9.9.91.1.1.1.1.4.38489	: leaf
