powerSupplychassisIndex: 1.3.6.1.4.1.674.10892.1.600.12.1.1	: branch
powerSupplyIndex: 1.3.6.1.4.1.674.10892.1.600.12.1.2		: branch
powerSupplyStateCapabilitiesUnique: 1.3.6.1.4.1.674.10892.1.600.12.1.3	: branch
powerSupplyStateSettingsUnique: 1.3.6.1.4.1.674.10892.1.600.12.1.4	: branch
powerSupplyStatus: 1.3.6.1.4.1.674.10892.1.600.12.1.5		: branch
powerSupplyOutputWatts: 1.3.6.1.4.1.674.10892.1.600.12.1.6	: branch
powerSupplyType: 1.3.6.1.4.1.674.10892.1.600.12.1.7		: branch
powerSupplyLocationName: 1.3.6.1.4.1.674.10892.1.600.12.1.8	: branch
powerSupplypowerUnitIndexReference: 1.3.6.1.4.1.674.10892.1.600.12.1.10 : branch
