temperatureName:	.1.3.6.1.4.1.15497.1.1.1.9.1.3	: branch
degreesCelsius:		.1.3.6.1.4.1.15497.1.1.1.9.1.2	: branch
