perCentMemoryUtilization : .1.3.6.1.4.1.15497.1.1.1.1.0	: leaf
memoryAvailabilityStatus : .1.3.6.1.4.1.15497.1.1.1.7.0	: leaf
