controllerNumber	         : 1.3.6.1.4.1.674.10892.5.5.1.20.130.1.1.1  : branch
controllerName		         : 1.3.6.1.4.1.674.10892.5.5.1.20.130.1.1.2  : branch
controllerRebuildRateInPercent	 : 1.3.6.1.4.1.674.10892.5.5.1.20.130.1.1.7  : branch
controllerFWVersion	         : 1.3.6.1.4.1.674.10892.5.5.1.20.130.1.1.8  : branch
controllerCacheSizeInMB	         : 1.3.6.1.4.1.674.10892.5.5.1.20.130.1.1.9  : branch
controllerCacheSizeInBytes	 : 1.3.6.1.4.1.674.10892.5.5.1.20.130.1.1.10 : branch
controllerPhysicalDeviceCount	 : 1.3.6.1.4.1.674.10892.5.5.1.20.130.1.1.11 : branch
controllerLogicalDeviceCount	 : 1.3.6.1.4.1.674.10892.5.5.1.20.130.1.1.12 : branch
#controllerC0BatteryState	 : 1.3.6.1.4.1.674.10892.5.5.1.20.130.1.1.25 : branch
controllerRollUpStatus	         : 1.3.6.1.4.1.674.10892.5.5.1.20.130.1.1.37 : branch
controllerDriverVersion          : 1.3.6.1.4.1.674.10892.5.5.1.20.130.1.1.41 : branch
controllerPCISlot	         : 1.3.6.1.4.1.674.10892.5.5.1.20.130.1.1.42 : branch
controllerDisplayName            : 1.3.6.1.4.1.674.10892.5.5.1.20.130.1.1.79 : branch


physicalDiskNumber	         : 1.3.6.1.4.1.674.10892.5.5.1.20.130.4.1.1  : branch
physicalDiskName	         : 1.3.6.1.4.1.674.10892.5.5.1.20.130.4.1.2  : branch
physicalDiskManufacturer	 : 1.3.6.1.4.1.674.10892.5.5.1.20.130.4.1.3  : branch
physicalDiskState                : 1.3.6.1.4.1.674.10892.5.5.1.20.130.4.1.4  : branch
physicalDiskProductID	         : 1.3.6.1.4.1.674.10892.5.5.1.20.130.4.1.6  : branch
physicalDiskSerialNo	         : 1.3.6.1.4.1.674.10892.5.5.1.20.130.4.1.7  : branch
physicalDiskRevision	         : 1.3.6.1.4.1.674.10892.5.5.1.20.130.4.1.8  : branch
physicalDiskCapacityInMB	 : 1.3.6.1.4.1.674.10892.5.5.1.20.130.4.1.11 : branch
physicalDiskFreeSpaceInMB        : 1.3.6.1.4.1.674.10892.5.5.1.20.130.4.1.19 : branch
physicalDiskBusType	         : 1.3.6.1.4.1.674.10892.5.5.1.20.130.4.1.21 : branch
physicalDiskComponentStatus      : 1.3.6.1.4.1.674.10892.5.5.1.20.130.4.1.24 : branch


virtualDiskNumber                : 1.3.6.1.4.1.674.10892.5.5.1.20.140.1.1.1  : branch
virtualDiskName	                 : 1.3.6.1.4.1.674.10892.5.5.1.20.140.1.1.2  : branch
virtualDiskState                 : 1.3.6.1.4.1.674.10892.5.5.1.20.140.1.1.4  : branch
virtualDiskSizeInMB	         : 1.3.6.1.4.1.674.10892.5.5.1.20.140.1.1.6  : branch
virtualDiskWritePolicy	         : 1.3.6.1.4.1.674.10892.5.5.1.20.140.1.1.10 : branch
virtualDiskReadPolicy	         : 1.3.6.1.4.1.674.10892.5.5.1.20.140.1.1.11 : branch
virtualDiskLayout	         : 1.3.6.1.4.1.674.10892.5.5.1.20.140.1.1.13 : branch
virtualDiskCurStripeSizeInMB	 : 1.3.6.1.4.1.674.10892.5.5.1.20.140.1.1.14 : branch
virtualDiskCurStripeSizeInBytes	 : 1.3.6.1.4.1.674.10892.5.5.1.20.140.1.1.15 : branch
virtualDiskComponentStatus	 : 1.3.6.1.4.1.674.10892.5.5.1.20.140.1.1.20 : branch
