fanName:	.1.3.6.1.4.1.15497.1.1.1.10.1.3		: branch
fanRPMs:	.1.3.6.1.4.1.15497.1.1.1.10.1.2		: branch
