keyDescription		: .1.3.6.1.4.1.15497.1.1.1.12.1.2	: branch
keyIsPerpetual		: .1.3.6.1.4.1.15497.1.1.1.12.1.3	: branch
keySecondsUntilExpire	: .1.3.6.1.4.1.15497.1.1.1.12.1.4	: branch
