perCentQueueUtilization : .1.3.6.1.4.1.15497.1.1.1.4.0	: leaf
queueAvailabilityStatus : .1.3.6.1.4.1.15497.1.1.1.5.0	: leaf
workQueueMessages	: .1.3.6.1.4.1.15497.1.1.1.11.0	: leaf
