updateServiceName:	.1.3.6.1.4.1.15497.1.1.1.13.1.2	: branch
updates:		.1.3.6.1.4.1.15497.1.1.1.13.1.3	: branch
updateFailures:		.1.3.6.1.4.1.15497.1.1.1.13.1.4	: branch
